#         X[m]          Y[m]          Z[m]      H[m]     PN
  3635328.7142  3365763.0141  4006257.0467 1665.3126    P01
  3622441.8878  3378765.1165  4007002.3531 1679.1897    P02
  3608755.2758  3392803.3509  4007341.0239 1587.2729    P03
  3596700.4778  3407913.9565  4005194.7660 1477.3594    P04
  3581856.8531  3416947.8886  4011118.9061 1705.2446    P05
  3566750.9837  3436625.6905  4007541.9095 1549.4827    P06
  3623976.8037  3356336.0850  4024158.2757 1582.8591    P07
  3613572.2883  3373673.6335  4019049.7624 1583.8178    P08
  3602366.5160  3381935.8091  4022445.2864 1775.1692    P09
  3582624.2608  3393678.8736  4029922.1444 1644.9334    P10
  3569584.5340  3417711.5925  4021212.9546 1633.1455    P11
  3564468.6457  3426770.6349  4017884.4414 1521.4598    P12
  3618717.8249  3344269.9313  4038902.5887 1641.2280    P13
  3601086.5502  3360802.3219  4041131.0394 1773.4664    P14
  3588690.9907  3377850.6299  4037696.2142 1602.9862    P15
  3572675.3332  3383928.7275  4046791.2731 1637.2532    P16
  3561742.7059  3412010.9094  4033030.8795 1709.4513    P17
  3555027.5125  3412363.8711  4038723.8675 1778.8910    P18
  3605080.6055  3338573.7149  4055706.1684 1669.2131    P19
  3594943.1603  3356762.6497  4049678.1696 1638.5795    P20
  3584302.1973  3364185.0970  4053126.9946 1765.9938    P21
  3567638.8673  3378841.0617  4055437.1792 1649.3138    P22
  3554062.1321  3395058.8126  4053690.7080 1564.6348    P23
  3541379.2881  3406471.5783  4055255.7561 1597.4355    P24
  3595850.0388  3331517.7399  4069413.9633 1558.9418    P25
  3583983.9726  3344150.4790  4069925.4830 1819.9225    P26
  3570763.7216  3357816.4251  4070127.0640 1714.8064    P27
  3555297.7280  3369247.0904  4073974.0168 1576.3390    P28
  3542182.3436  3387979.2041  4070191.1327 1771.0627    P29
  3534388.5118  3400937.0821  4066099.1136 1716.6180    P30
  3587644.4235  3317444.9714  4087939.8128 1529.2600    P31
  3574693.6556  3339702.4581  4081341.1249 1619.3815    P32
  3568598.2781  3350360.6567  4077954.8787 1615.7041    P33
  3556640.3857  3360031.3471  4080195.8571 1467.3877    P34
  3538557.0834  3371775.9816  4086300.5522 1542.8439    P35
  3520734.9371  3388890.8141  4087730.4333 1674.0389    P36
