#         X[m]          Y[m]          Z[m]      H[m]     PN
  3737388.6877  3357710.7855  3918466.6375 1504.7892    P01
  3724534.9668  3370751.5380  3919503.5296 1505.0540    P02
  3714349.3181  3388761.1457  3913701.2186 1521.5861    P03
  3702276.7350  3395744.6838  3919067.9667 1533.5383    P04
  3684827.2576  3412989.8332  3920507.2467 1523.0910    P05
  3671087.1035  3428312.9554  3919931.6000 1461.7835    P06
  3729040.4628  3351094.5207  3932106.4739 1588.2719    P07
  3719737.4614  3363333.7827  3930349.5420 1508.0687    P08
  3706370.0397  3374669.8785  3933173.8608 1466.3097    P09
  3692661.1170  3391880.3957  3931340.2900 1505.8685    P10
  3680776.7728  3404354.6619  3931543.6546 1408.4035    P11
  3664369.1290  3415522.9049  3937154.0161 1416.4282    P12
  3716183.7046  3341422.0304  3951847.8088 1292.0184    P13
  3708011.9476  3358286.7919  3945650.1072 1530.6536    P14
  3696906.2293  3365317.1645  3949999.1559 1499.5611    P15
  3676899.3901  3378741.5455  3957154.4158 1497.3934    P16
  3664039.1723  3402550.4379  3948725.1186 1494.5103    P17
  3653937.3814  3407587.0985  3953644.5511 1456.7665    P18
  3707887.6179  3334844.8867  3965094.4041 1297.9305    P19
  3697325.2237  3345178.9708  3966490.0270 1451.2627    P20
  3684428.0598  3360880.0608  3965523.6586 1637.4665    P21
  3670939.8331  3372800.3926  3967824.2449 1593.2903    P22
  3657323.6318  3389250.4106  3966160.8319 1450.3433    P23
  3645145.8466  3401695.7044  3966886.0366 1558.7953    P24
  3702600.1725  3326593.7422  3977280.6343 1555.4863    P25
  3690625.7563  3334088.1277  3981963.1239 1470.1400    P26
  3672531.6337  3349652.6724  3985985.1578 1710.2084    P27
  3657970.6103  3367257.6392  3984437.7980 1639.3787    P28
  3646947.8983  3380797.9271  3983019.5813 1598.7692    P29
  3633407.3133  3392150.3053  3985623.7718 1536.7436    P30
  3688660.3038  3318129.1930  3997044.1513 1507.5022    P31
  3677559.9307  3327805.2744  3999116.8379 1446.8716    P32
  3662279.5804  3342298.2194  4000922.0256 1373.0103    P33
  3653272.5587  3362195.0720  3992663.2422 1454.6318    P34
  3644275.3440  3368254.3768  3996026.0919 1624.6236    P35
  3628896.8676  3384220.8551  3996138.1695 1379.4499    P36
