#         X[m]          Y[m]          Z[m]      H[m]     PN
  3710238.7915  3233155.2884  4046663.0990 1878.2880    P01
  3696569.1779  3248174.6678  4047078.3680 1837.9894    P02
  3690000.5657  3267979.8653  4037227.1390 1866.4295    P03
  3679963.2765  3270903.2114  4043989.9428 1879.3413    P04
  3659946.5744  3287235.9947  4049066.1809 2001.2532    P05
  3646529.0096  3307129.8354  4044920.5250 1952.3619    P06
  3701807.7856  3225503.8789  4060362.1268 1870.4097    P07
  3688245.3087  3238414.6194  4062524.2776 1941.6559    P08
  3675498.4014  3254930.1499  4060902.3140 1950.8449    P09
  3662271.0217  3265994.4139  4063860.6436 1895.7210    P10
  3648456.2097  3282743.0991  4062927.3258 1978.3111    P11
  3641558.3616  3300378.3515  4054667.6967 1845.9135    P12
  3695926.9382  3212780.6338  4075574.3838 1806.4865    P13
  3679630.2666  3230522.7592  4076190.4510 1742.6029    P14
  3667116.0016  3245228.3421  4076114.2443 1951.5984    P15
  3655487.6917  3259560.4681  4075130.6395 1952.5121    P16
  3646756.0660  3275458.7727  4070141.1586 1891.7080    P17
  3633683.3507  3282103.8081  4076531.1865 1955.2284    P18
  3681789.4037  3208819.4995  4091217.8824 1718.3958    P19
  3670730.8760  3223032.3342  4090299.3380 1917.9169    P20
  3659737.3913  3236739.4159  4089296.8133 1894.9640    P21
  3646622.4577  3248644.6715  4091594.9594 1919.6806    P22
  3635137.1072  3266406.5203  4087575.0163 1840.6092    P23
  3621701.4573  3273974.7603  4093272.4606 1756.6156    P24
  3669643.5897  3200109.7029  4109324.6220 2060.7868    P25
  3658137.3772  3215272.5627  4107304.0056 1767.3949    P26
  3651595.4498  3231794.8801  4100281.1158 1820.6558    P27
  3640551.5014  3237336.6183  4105812.1983 1899.8958    P28
  3621294.7970  3252367.9942  4110909.1293 1890.5407    P29
  3608950.2604  3273108.2926  4105240.7985 1828.0841    P30
  3661978.8279  3188791.8074  4124655.2747 1950.1420    P31
  3646844.2200  3205390.4756  4124895.8335 1755.8949    P32
  3633221.4190  3218514.7808  4127075.0406 2010.2787    P33
  3623172.4028  3237033.3413  4121396.9078 1969.4265    P34
  3616065.8134  3247889.1669  4119060.7770 1936.3584    P35
  3599572.0821  3254795.5708  4127935.1310 1903.7036    P36
