#         X[m]          Y[m]          Z[m]      H[m]     PN
  3692504.9709  3517676.0116  3820478.9261 1737.4318    P01
  3678165.5687  3532186.2826  3821003.6922 1787.8580    P02
  3666583.0872  3548691.8842  3816757.7393 1721.8820    P03
  3656114.1255  3559721.0323  3816709.4100 1829.2538    P04
  3642155.0270  3573088.8802  3817760.3076 1950.5724    P05
  3626602.8234  3586415.1329  3819555.1838 1649.4527    P06
  3684861.5599  3510536.8046  3834074.1859 1595.6388    P07
  3671237.6331  3522171.4450  3836441.8996 1586.6476    P08
  3656990.6772  3538659.6114  3834900.0217 1595.3255    P09
  3640995.9272  3547960.9130  3841861.0445 1828.1532    P10
  3628534.2895  3572465.2864  3830677.4630 1633.7251    P11
  3620879.6875  3576526.3976  3834294.1790 1747.0238    P12
  3674462.9451  3498669.5664  3854962.4772 1749.1540    P13
  3660185.3107  3518154.3551  3850729.0405 1683.5574    P14
  3648393.8363  3527785.1134  3853004.1065 1630.7724    P15
  3633635.8782  3543622.8328  3852607.7776 1744.5078    P16
  3618404.1257  3555097.3651  3856655.2019 1933.3252    P17
  3603392.8575  3572976.0318  3853720.4922 1640.3558    P18
  3663735.0690  3493195.9106  3869901.6064 1684.2759    P19
  3651297.9539  3508169.5859  3868056.0547 1644.0904    P20
  3639734.2491  3521266.2706  3867312.2866 1797.6491    P21
  3624831.6476  3532496.6848  3871050.2812 1804.1569    P22
  3609674.6087  3549881.3991  3869216.3194 1740.4088    P23
  3598443.1120  3563354.4380  3867779.4530 2029.8835    P24
  3658271.1943  3484948.2503  3882531.2371 1762.2196    P25
  3644876.5773  3497270.9770  3883849.9109 1647.3850    P26
  3631640.3915  3513170.3232  3882369.5746 1928.2395    P27
  3618559.7763  3524973.7239  3883576.8772 1746.4142    P28
  3602738.7258  3538254.0438  3886094.4694 1687.8362    P29
  3586921.6488  3553261.1204  3887251.0888 1826.5262    P30
  3644161.6626  3476503.9647  3903197.1346 1774.7132    P31
  3628592.9044  3488196.9173  3907011.3522 1634.0545    P32
  3618457.8317  3510525.0105  3896496.2923 1652.0388    P33
  3609401.7196  3513739.0656  3902296.9528 1860.5359    P34
  3592115.5842  3531628.7134  3902077.3979 1847.8715    P35
  3579402.7858  3545737.6839  3900916.9293 1815.0636    P36
