#         X[m]          Y[m]          Z[m]      H[m]     PN
  3594280.4647  3311379.4811  4087370.3804 1745.5724    P01
  3582811.1088  3326354.5094  4085219.1872 1697.7973    P02
  3571874.1292  3338700.7713  4084810.1025 1750.9208    P03
  3558905.0008  3351451.1461  4085672.3908 1745.0988    P04
  3543227.8222  3363436.0749  4089533.3005 1817.5677    P05
  3528878.0714  3380753.8230  4087529.9788 1726.1312    P06
  3582608.2494  3301091.1785  4105646.1989 1662.4922    P07
  3568745.5118  3317271.1178  4104531.7455 1564.0440    P08
  3558929.4885  3332052.8418  4101606.1200 1889.8940    P09
  3548774.8146  3343666.1596  4100805.7049 1791.7976    P10
  3535470.5577  3355617.5415  4102031.1777 1474.2821    P11
  3521942.9047  3370351.6408  4102114.3667 1813.3929    P12
  3577955.6718  3295579.4276  4114257.3322 1786.8804    P13
  3567738.1607  3306943.1232  4114009.4084 1784.3605    P14
  3550253.9369  3315622.9707  4122065.3695 1771.3336    P15
  3533505.2016  3336376.7427  4119841.4814 1846.8035    P16
  3525181.6620  3350848.7142  4114913.8577 1626.2618    P17
  3516364.4877  3361394.9438  4114176.1735 1829.6628    P18
  3569200.8658  3282973.4803  4131674.4592 1715.3310    P19
  3557992.6364  3300796.9492  4127385.7419 1857.0801    P20
  3544786.9597  3307735.0148  4132929.8336 1713.3641    P21
  3525460.7397  3322663.9011  4137620.4039 1823.6798    P22
  3508760.3398  3338635.9247  4138943.0138 1819.8856    P23
  3498604.9862  3356295.2876  4133582.6731 2009.8367    P24
  3557214.0062  3277298.1955  4146740.7165 1943.6803    P25
  3544204.8122  3287470.2991  4149437.7602 1702.8703    P26
  3532297.9877  3305462.7566  4145342.2039 1716.3470    P27
  3519778.5122  3313317.6386  4149556.1482 1629.9996    P28
  3506471.8217  3331977.4076  4146231.7873 1845.2499    P29
  3490255.1135  3337143.1423  4155791.6132 1914.9309    P30
  3541184.0103  3272017.3409  4163986.3780 1624.4507    P31
  3533626.6082  3280651.4633  4163904.6086 1814.4114    P32
  3522060.3092  3294690.7302  4162546.2175 1761.1264    P33
  3507241.7855  3304136.7092  4167587.4671 1796.5337    P34
  3494877.9394  3324649.7587  4161648.7843 1766.1122    P35
  3481955.5521  3329483.1457  4168719.9382 1868.8169    P36
