#         X[m]          Y[m]          Z[m]      H[m]     PN
  3752563.3249  3299027.7345  3953283.5377 1418.3460    P01
  3741803.3753  3313483.0791  3951165.2911 1268.9294    P02
  3727565.4816  3323562.5355  3956452.9860 1476.1260    P03
  3713245.3964  3343226.3760  3953098.3816 1306.4573    P04
  3701059.9816  3353457.7399  3956079.3865 1455.7073    P05
  3686565.7105  3369903.3647  3955794.0389 1551.6264    P06
  3741014.2851  3290689.9068  3971145.5346 1496.8981    P07
  3728434.5198  3304382.0593  3971344.8214 1335.2585    P08
  3716005.1019  3319122.0724  3970445.4237 1171.9448    P09
  3700281.4907  3329420.9775  3976591.2765 1252.7502    P10
  3689334.4176  3353351.9214  3967119.9948 1510.3901    P11
  3680622.3523  3358000.1141  3970851.0030 1260.3923    P12
  3730944.2410  3281130.3245  3988135.4286 1345.7642    P13
  3719152.6303  3297979.1179  3985610.4645 1560.2248    P14
  3705992.3807  3308024.7267  3989289.3723 1417.8991    P15
  3694131.6435  3327891.5469  3983710.2789 1362.0743    P16
  3684276.3498  3336997.0233  3985755.3426 1705.0525    P17
  3668825.5207  3351009.0344  3987627.5967 1323.8095    P18
  3722639.9838  3275175.5993  4001145.0129 1635.0504    P19
  3713444.0035  3289081.8916  3997555.7119 1165.8223    P20
  3699148.5714  3297213.9553  4004329.4576 1335.0616    P21
  3682449.0176  3316572.3687  4003868.1151 1417.6281    P22
  3667723.3837  3327997.9618  4007634.8662 1266.3227    P23
  3657185.4361  3349176.7943  3999634.2153 1245.3034    P24
  3715719.6568  3264247.2136  4015913.1716 1341.1762    P25
  3700028.2732  3276265.1470  4020626.5948 1370.4098    P26
  3687017.3713  3296197.2237  4016457.3043 1461.9757    P27
  3676320.1169  3306196.0148  4017963.3468 1417.9220    P28
  3664742.3746  3323192.5831  4014485.0463 1383.9277    P29
  3650552.2225  3331047.7276  4020941.0391 1437.9609    P30
  3702539.8998  3260045.3886  4031391.6845 1357.3895    P31
  3692238.7510  3269174.8456  4033878.1695 1641.3340    P32
  3679199.4642  3285811.8671  4032025.9172 1477.1363    P33
  3668247.5840  3298865.5679  4031232.0110 1402.6382    P34
  3655081.1720  3311275.6944  4033051.7281 1433.3137    P35
  3641043.6005  3326337.8675  4033510.2238 1533.9769    P36
