#         X[m]          Y[m]          Z[m]      H[m]     PN
  4148086.4365  2814176.2644  3932737.4873 1235.6609    P01
  4137023.6898  2827478.4056  3934803.4761 1216.2526    P02
  4120416.7726  2841738.9346  3941924.6127 1230.7850    P03
  4109614.5523  2866144.9979  3935282.5811 1053.2706    P04
  4102096.2317  2876160.9705  3936041.6970 1193.9174    P05
  4093522.0517  2894289.8594  3931766.6886 1232.0247    P06
  4136509.0921  2802906.4730  3952844.4241 1267.0406    P07
  4127174.2626  2825938.7936  3946216.9270 1251.6574    P08
  4118130.9646  2834765.9449  3949354.7792 1278.8291    P09
  4102473.2440  2850883.9493  3953963.3247 1247.3587    P10
  4093365.1739  2873409.4635  3947187.8741 1278.9372    P11
  4084504.7651  2882110.7071  3950143.5622 1367.0254    P12
  4129596.6785  2801211.6437  3961282.8184 1313.7187    P13
  4116781.2951  2809868.4309  3968240.0774 1191.4568    P14
  4101922.4559  2831251.5248  3968746.4929 1391.6857    P15
  4091801.3813  2847798.0558  3967299.6171 1350.9384    P16
  4081104.9446  2861740.1225  3968149.2689 1270.2738    P17
  4072639.4838  2880107.7075  3963227.7359 1046.5703    P18
  4114322.9155  2787835.2522  3986625.9102 1478.7403    P19
  4100607.5764  2810359.4802  3984878.7645 1432.3318    P20
  4092872.6092  2825926.8551  3981282.2667 1081.6790    P21
  4086941.0316  2840739.6370  3977176.0308 1279.2493    P22
  4077491.5107  2852074.6412  3978720.3724 1259.5780    P23
  4064261.2352  2867842.4995  3980911.8466 1262.5086    P24
  4108074.5302  2785784.9092  3994075.6974 1247.7334    P25
  4099231.2474  2799559.3285  3993443.3738 1190.7277    P26
  4083849.9017  2811192.6317  4001082.6086 1260.2437    P27
  4070124.7748  2833928.3488  3998947.0390 1200.4543    P28
  4057976.6852  2845903.1851  4002844.5583 1253.2104    P29
  4048564.0829  2867117.9598  3996973.8654 1066.4727    P30
  4093774.2475  2776673.5722  4015040.9024 1331.2627    P31
  4082423.5079  2794455.5979  4014061.4078 1201.8687    P32
  4075390.4378  2811395.9374  4009567.3830 1303.2676    P33
  4065069.4481  2821609.2916  4012785.2172 1264.7140    P34
  4048600.2797  2837051.9896  4018497.0866 1260.2877    P35
  4036586.0284  2858639.3437  4015222.9559 1208.2666    P36
