#         X[m]          Y[m]          Z[m]      H[m]     PN
  4189300.0490  2850916.3303  3862389.4909 1211.4429    P01
  4177256.0783  2858945.1633  3869344.0874 1149.5448    P02
  4163180.5359  2881180.5208  3868158.2002 1227.9738    P03
  4154595.5830  2897187.7882  3865431.9390 1218.0881    P04
  4142209.0423  2908719.5746  3869891.3651 1132.9937    P05
  4129162.2300  2928648.0729  3868746.9015 1095.2266    P06
  4176250.6294  2842749.7294  3882769.5165 1466.2278    P07
  4162982.0754  2854319.0792  3887995.4338 1164.0663    P08
  4151729.6967  2876513.7122  3883818.5924 1238.0564    P09
  4142110.0316  2888082.7515  3885552.1744 1274.3448    P10
  4132873.4869  2907195.6693  3881288.4339 1352.5847    P11
  4122521.9852  2918136.4101  3883807.4114 1194.1245    P12
  4167303.6253  2835472.9768  3897371.2988 1340.8056    P13
  4159606.4629  2850462.2349  3894461.7015 1208.4082    P14
  4146426.4226  2861245.7952  3900472.6625 1152.2934    P15
  4133535.5140  2883041.5669  3898174.7481 1184.7218    P16
  4121557.4140  2895234.4174  3902054.6181 1344.4881    P17
  4107065.3565  2913124.8769  3903789.7988 1211.7693    P18
  4150303.1173  2828786.2032  3919957.2896 1220.3396    P19
  4142563.1491  2847003.2169  3915144.3826 1317.7399    P20
  4134206.9222  2858544.7857  3915252.0322 1125.0303    P21
  4123685.4759  2874819.0086  3914455.3610 1136.1264    P22
  4110283.8703  2887811.4775  3919097.8107 1225.0133    P23
  4101327.7930  2910558.8163  3911841.9927 1315.1827    P24
  4147322.8671  2817173.3142  3931331.7239 1189.7750    P25
  4139069.4074  2839160.5180  3924417.9649 1291.3363    P26
  4123851.2755  2843369.6296  3936917.2524 1063.8942    P27
  4108574.4700  2871433.4458  3932698.5816 1157.3300    P28
  4103230.7596  2885759.0297  3928092.6348 1325.5517    P29
  4091532.7864  2895086.6321  3933474.0577 1376.9625    P30
  4130762.0074  2812845.4482  3951683.8129 1193.9789    P31
  4119913.9582  2831530.2625  3949604.1230 1148.5541    P32
  4112060.7837  2846741.2918  3946962.7479 1205.6783    P33
  4104980.9898  2861744.3995  3943407.6444 1145.4286    P34
  4094079.0788  2873056.9362  3946670.0399 1255.7470    P35
  4080627.5460  2890797.9629  3947843.7443 1383.1703    P36
